# Created by Octave 5.1.0, Mon Nov 18 21:05:01 2019 CET <shuyafuchigami@shmcbkpro17.local>
# name: X
# type: matrix
# rows: 118
# columns: 28
 1 0.051267 0.69955999999999996 0.0026283052890000002 0.035864342519999995 0.48938419359999996 0.00013474532725116302 0.00183865724797284 0.025089259453291199 0.34235360647481594 6.9079886921853738e-06 9.4262441131823588e-05 0.00128625106439188 0.017551442343144388 0.23949688894552223 3.5415185628226752e-07 4.8325525695051996e-06 6.5942233318178512e-05 0.00089980979460598345 0.012278287005570088 0.16754244363072951 1.8156303216023009e-08 2.4775047258082304e-07 3.3806604755230576e-06 4.6130548740064957e-05 0.00062947093991456179 0.0085893984576166094 0.11720599186631314
 1 -0.092742000000000005 0.68493999999999999 0.0086010785640000011 -0.063522705479999997 0.46914280359999999 -0.00079768122818248816 0.0058912227516261604 -0.0435092418914712 0.32133467189778397 7.3978552464100321e-05 -0.00054636378043131345 0.0040351341114988224 -0.029801220141144284 0.22009497016966817 -6.8609189126255921e-06 5.0670869724760873e-05 -0.00037422640776862384 0.0027638247583300032 -0.020412047723475366 0.15075184886801252 6.3629534179472272e-07 -4.699317800013773e-06 3.470650550927771e-05 -0.00025632263573704121 0.0018930541299705525 -0.013981027967717217 0.10325597136365648
 1 -0.21371000000000001 0.69225000000000003 0.045671964100000004 -0.14794074750000002 0.47921006250000003 -0.0097605554478110007 0.031616417148225003 -0.10241198245687501 0.33173316576562506 0.0020859283047516891 -0.0067567445087471653 0.02188646477085876 -0.070894694855771739 0.22964228400125394 -0.00044578373800848353 0.0014439838689643569 -0.0046773563861802255 0.015150905237626978 -0.049076852513907983 0.15896987109986804 9.5268442649793024e-05 -0.00030859379263637273 0.00099959783329057594 -0.0032378999583332615 0.010488214150747275 -0.033973451152752798 0.11004689326888366
 1 -0.375 0.50219000000000003 0.140625 -0.18832125 0.25219479610000001 -0.052734375 0.070620468749999998 -0.09457304853750001 0.12664970465345901 0.019775390625 -0.026482675781250003 0.0354648932015625 -0.047493639245047126 0.063602215179920582 -0.007415771484375 0.0099310034179687506 -0.013299334950585938 0.017810114716892672 -0.023850830692470217 0.031940396441204319 0.002780914306640625 -0.0037241262817382815 0.0049872506064697264 -0.0066787930188347529 0.0089440615096763321 -0.01197764866545162 0.0160401476888084
 1 -0.51324999999999998 0.46564 0.26342556249999999 -0.23898972999999998 0.21682060959999999 -0.13520316995312498 0.1226614789225 -0.11128317787719999 0.10096034865414399 0.069393026978441394 -0.062956004056973117 0.057116091045472897 -0.051817898946739403 0.047011176747315614 -0.035615971096685045 0.032312169082241451 -0.029314833729088961 0.026595536634414 -0.024128486465559738 0.021890284340620042 0.0182798971653736 -0.016584220781460424 0.015045838411454909 -0.013650159177612984 0.012383945678448536 -0.011235188437823236 0.010192992000366316
 1 -0.52476999999999996 0.20979999999999999 0.27538355289999994 -0.11009674599999998 0.044016039999999992 -0.14451302705533295 0.05777546939841998 -0.023098297310799994 0.0092345651919999976 0.075836101207827078 -0.030318833076208852 0.012121293479788511 -0.0048460227758058382 0.0019374117772815995 -0.039796510830831411 0.015910414033402119 -0.0063608911793886164 0.0025430473720596293 -0.0010166955783640649 0.00040646899087367955 0.020884014988695399 -0.0083493079723084302 0.0033380048642077643 -0.0013345149694357315 0.0005335313386581103 -0.0002133027323407808 8.5277194285297963e-05
 1 -0.39804 0.034356999999999999 0.15843584160000002 -0.013675460279999999 0.0011804034489999999 -0.06306380239046401 0.0054433802098512001 -0.00046984778883996 4.0555121297292998e-05 0.025101915903500291 -0.0021666830587291721 0.0001870182138698577 -1.6142560481174505e-05 1.3933523024110954e-06 -0.0099915666062292564 0.00086242652469655943 -7.4440729848758157e-05 6.4253847739267007e-06 -5.5460995045171245e-07 4.7871405053938005e-08 0.0039770431719434928 -0.00034328025389021853 2.9630388108999693e-05 -2.5575601554137839e-06 2.2075694467779963e-07 -1.9054734067669484e-08 1.644717863438148e-09
 1 -0.30587999999999999 -0.19225 0.093562574399999987 0.058805429999999999 0.036960062500000002 -0.028618920257471994 -0.017987404928399998 -0.0113053439175 -0.0071055720156250005 0.0087539553283555345 0.0055019874194989909 0.0034580785974848995 0.0021734523681393751 0.0013660462200039065 -0.0026776598558373903 -0.0016829479118763515 -0.0010577570813986811 -0.00066481561036647202 -0.00041784621777479487 -0.00026262238579575098 0.00081904259670354093 0.00051478010728473833 0.0003235467360582286 0.00020335379889889645 0.00012781080109295424 8.0330935367204303e-05 5.0489153669233131e-05
 1 0.016705000000000001 -0.40423999999999999 0.00027905702500000004 -0.0067528292000000002 0.16340997759999998 4.6616476026250011e-06 -0.00011280601178600001 0.0027297636758079999 -0.066056849345023982 7.7872823201850643e-08 -1.8844244268851304e-06 4.5600702204372642e-05 -0.0011034796683086258 0.0267028207792325 1.3008655115869151e-09 -3.1479310051116102e-08 7.6175973032404504e-07 -1.8433627859095594e-05 0.00044607062111707896 -0.010794348271796945 2.1730958371059419e-11 -5.2586187440389452e-10 1.2725196295063172e-08 -3.079337533861919e-07 7.4516097257608045e-06 -0.00018031958788036797 0.0043635073453911965
 1 0.13191 -0.51388999999999996 0.017400248100000001 -0.067787229899999996 0.26408293209999995 0.0022952667268710003 -0.0089418134961089992 0.03483517957331099 -0.13570957797686897 0.00030276863394155363 -0.0011795146182717383 0.0045951085375154537 -0.017901450430928785 0.069739795026533186 3.9938210503230335e-05 -0.00015558977329622499 0.00060614076718366351 -0.0023613803263438163 0.009199376361949993 -0.035838583266185137 5.2682493474811132e-06 -2.0523846995505033e-05 7.9956028599197044e-05 -0.00031148967884801282 0.0012134897359048235 -0.0047274675186424813 0.018417089554659878
 1 0.38536999999999999 -0.56506000000000001 0.1485100369 -0.21775717219999999 0.31929280360000001 0.057231312920153002 -0.083917081450713998 0.12304586772333199 -0.18041959160221602 0.02205523106003936 -0.032339125678661658 0.047418186044540456 -0.06952829801574599 0.10194789443074818 0.0084994243936073674 -0.012462528862785842 0.018273546355984556 -0.026794120206328032 0.039287660076777427 -0.057606677227038564 0.0032754231785644713 -0.0048026847478517794 0.0070420765592057672 -0.010325650103912634 0.015140285563787718 -0.022199885202983851 0.03255122903391041
 1 0.52937999999999996 -0.5212 0.28024318439999996 -0.27591285599999998 0.27164944000000002 0.14835513695767197 -0.14606274770927999 0.1438057805472 -0.14158368812800001 0.078536242402652376 -0.077322697382338629 0.076127904106076727 -0.074951572821200643 0.0737934182523136 0.041575516003116111 -0.040933089540262417 0.040300589875674898 -0.039677863620087191 0.039064759754409768 -0.038461129593105846 0.022009246661729608 -0.021669158940824117 0.021334326268384773 -0.021004667443201758 0.020680102518789444 -0.02036055278399837 0.020045940743926769
 1 0.63882000000000005 -0.24342 0.40809099240000007 -0.15550156440000001 0.059253296399999995 0.26069668776496807 -0.099337509370008015 0.037852190806248 -0.014423437409688 0.16653825807801692 -0.063458787735748534 0.02418073653084735 -0.0092139802860568883 0.0035109531342662529 0.10638797002539878 -0.040538742781350875 0.015447138110635906 -0.0058860748863388624 0.0022428670812319677 -0.0008546362119430912 0.067962763011625252 -0.025896959663582571 0.0098679407678364302 -0.0037601423588909922 0.0014327883488326058 -0.00054595870491348558 0.00020803554671118728
